$ANSIBLE_VAULT;1.1;AES256
39366361393730616365613036383538643765333138323633653030353263653031613939386638
3135346165303831323737353235316334643031303733630a353233333765626138616634396334
61636562383235613065623738623439633538303939613661373839356433383763653736376138
6261366339303334620a616161316532363736333634376636303666373034616633623731343263
61623239383833323038363238303933366266663261636139326130313331636132306464616132
35653437613063313136313435323334366665666634343262316162363763353665316161373438
39393864633165353766643334313362343737613433643266386432326364366264633064643363
66393530316236323735303466366137653736666466316334316334323532613232623264333439
62366632663662353433356163623639353430643866373735343664383435376132373039353831
63363230636133333230616439323336323264616637663636393562333136633863363338346131
38356536313066653434623565626536366361356665383334666462306433313764653338333530
31656139333864356465373634636362653738336464663163383661393039313137663238623538
66323330643138346366666133393936316433363365623364346462636662363235613165316635
30643738666561636665626130386462353361366531396266393137623266633933653632326438
34326434313362396463663132643534656435323839656332316532393339653534656362333764
63303562363761396136626164373562343564366434616531643830636333363036623136326337
64386361656564653863633665323531396432333735356630656333656665646334666465643531
36393366346565393135663465393362663764666637663131373666643731653465356432666438
61636135646662383938336435613230373763353837396438666139346336626364616266303661
64323336623139663034383932393564666166373663623363663462636130363237366463666637
38326565663266366665613734653833633036396638363336373730393562623539353362356465
34613163383036333938616566613766346333643333376631623535373936326638343965666431
39336262663635333064353936306335373461616134633339353962383234393438393362626566
31376664353366653063316166643665366365366233316238333036623465363833346430663238
35663962633930353734376236376235366138363065646164623262363736326531376266346562
32633135383439643038333864373539323138313261636335643965376266623234626339336331
38613337646565346163313866636231323632636265373164663661333232343432373063326335
34633536303137373330333865336632386535633963353365643933623661366334373666393466
30363366353931373231626465383135393065633636373635333938333436343531323033636537
36396534646264653833636436356231616533663535393030333463303963653839363164333136
38343865633661633938326262636266373630643238333837363264343333366632343739653663
62396632303738346661663939666562306437653137643334356133356264653037343462323932
64396539663031346330633733343064383561366234616461376163396564333463383832343033
62653062393639646636356661356261353239643837333462313136623363306336646239613862
35376230623336376131306235623833626566613736343433643938323162666239303166366664
62643733623636653761326139623962613231303637623266383265643265613734376664363835
36646131613137653038636231333039333430623366356635646466346466396636626139653834
35636335636662656435386133383966333132303566633334626338613531323930326130613864
31613866323934383238653531623835353836616134343335623134653565373037366337626465
61373334356332316438363336373762656361626638333565396264366533636433663930353565
36643337353762616536636336663062623836393130366637643665636366623265386239346464
64613763356137313839393735356166316566663062353232353234393332646264396536313534
64363638656133633034326165613230383563346666626433333935623636343933323633306261
36306533633937636466303062656335653461636464613666303335663363326232663035633933
66623066376632363165393164353964656161373932326434303839346462353961393266363733
34353963313337646263653330323266656564343464636335326436363031316438353834323663
30313437623364386139646663303762633632363866373537323933633266386130356165333631
38373366353338306338313630303037646433366131663733366639353964333136306630346266
66353230336436643763343633643836383037613565376338323434303133303433666634383631
39643938373733616136363337326262616661613834383361383335333838383262656431643263
30663465636263343836343736356361383237666534393935666462623332363763653966363835
64643161326435373339356533373565373763386437633237323164656133383432653032623330
61363365343438386265323234396634323537656230326466306161346131646362643737313763
66316263656535643639306163376464336566306364653735336431343764316366663362336362
31393362386132643264663163666464343365333736383530316238326266333632356339623738
66393131613432336338616361363137616337383032356333313631626434323831333330393531
33373165376465656136336137346135396463666130323135393131633136346639633532376334
38383065363531306566303231653231313433393063313539386330343463376462363961383834
39346362376431323330366132323862613865653930616237663462343036376165653138623861
37663237313436376236346238643061653764663932313466346361656433333165353065323938
39616238373333623033653831306639623561393164626533666234653337633530623134653732
37653036333165323634343435333561343262363535313130626463343035326238303165306333
63316331636232623132653732376533663162373931633238383932323831393131353863613039
39386466663661313839656535663931613064643733353631666230383331333136383531373461
39323162336361653838396633656235393339336538303834303461336134363635616633646466
34663364633434383839613732313639313837353132376565383163373661323962626665393030
63366261336438636433376430653966303136623937306264663661383932313665303634656166
63313038393431623562376337313864623336663030663762383265656535356265653264356139
65383133346661313631303132306266333162303239636436383238663036613464643939333531
39613432326162323763663566613465333737656334383965396530386261623763376334336437
65343565326463323132613863656333353064383133633836373865303731633863333731653061
64356432633631313365633134613936663334376265383234666264363839623364386638656561
33376237353835353565303437383962653632323862393230376632663939623161313832636535
31663830326135623764336234306165303635633837643331646435633131396666646465633136
37636663346661633836326362653966303934646662393463346136336364373461353432623231
36393265346533633966623132343032303363363036326230633539663530393538646639363334
31663835336230386133363739346264313834633439396233383835386265356665323761613961
31303836356561393136373238373035356133303832626538323965636264663165343132346539
63313666643263306133333963663238336438663738623230656535623435656661613132333764
37623865343461393231656165656331343664653863393230346536636265653638376464616634
64373531333337396632393436386261663463633834643364626539383164313262646132656261
62316261626637636663343865323665373831306236656638333431356166653737346236333039
63363339393731623338623338323662316532653134623339336164323863346131613031363539
65323062626437613564373466626631353038653135633634373930333236316261363833366162
34386634643961313566663362376366393366613561313931326362363638373231363963366432
39643865636664653331633935653331303339636566356461393434613630306436396235303937
62313830626239636361633865366138343334323461646237313465303734373661396464353938
37616630633664616137
